// 								FILES PREMIUN SYSTEM CUSTOM ITEM POSITION
//===============================================================================================================
// MasterCodex Season 6 - Mu Online
// Developer: MasterCodex
// Last review: 07.03.2020
//===============================================================================================================
// CustomPosition config file
// ItemIndex -> max 1000 Item Position
//===============================================================================================================
//ItemIndex	TranslationX	TranslationY	RotationX	RotationY	RotationZ	Scale			Commnet
	6805	0.01			-0.02			-090.0		180.0		000.0		1.0				//Nixie's Spirit Fragment ok
	6806	0.01			-0.02			-090.0		180.0		001.0		1.5				//Steel of Heaven ok
	6807	-0.02			-0.07			-090.0		360.0		-015.0		1.0				//Archangel's Hammer ok
	6808	0.01			-0.02			-090.0		360.0		000.0		1.3				//Sealed Stone Shard ok
	6809	0.01			-0.02			-090.0		360.0		000.0		1.2				//Holyangel Soul ok
	6810	0.01			-0.02			-090.0		180.0		000.0		1.0				//Dark Angel Anvil ok
	6811	0.01			-0.02			-090.0		180.0		000.0		1.0				//Holyangel Anvil ok
	6821	0.01			-0.02			-100.0		360.0		0010.0		1.0				//Garuda's Feather ok
	6822	0.01			-0.04			-090.0		180.0		000.0		1.0				//Garuda´s Flame
	6823	0.01			-0.02			-090.0		180.0		000.0		1.0				//Golden Sentences ok
	6824	0.01			0.04			-090.0		180.0		000.0		1.0				//Lesser Spirit Stone           
	6825	0.01			0.04			-090.0		180.0		000.0		1.0				//Intermediate Spirit Stone    
	6826	0.01			-0.02			-090.0		180.0		000.0		1.0				//Greater Spirit Stone          
	6827	0.01			-0.04			-090.0		180.0		000.0		1.0				//Muun Egg                 	
	6829	0.00			0.05			000.0		360.0		000.0		1.8				//Cold Horn ok
	6830	0.01			-0.02			-090.0		180.0		000.0		1.0				//Blue Eye Anvil ok
	6831	0.00			0.00			000.0		360.0		000.0		1.2				//Awakening Soul ok   
	6832	0.01			-0.02			-090.0		180.0		000.0		1.0				//Anvil Soul ok
	6294	0.00			0.10			270.0		-10.0		000.0		1.0				//Wings of Chaos
	6298	0.00			0.10			270.0		-10.0		000.0		1.0				//Wings of Angel and Devil
	6833	0.01			-0.02			-090.0		360.0		000.0		1.5				//Anvil silver ok
	6834	0.01			0.06			-090.0		360.0		000.0		3.0				//silver fleet
	6835	0.01			0.05			-090.0		360.0		000.0		1.3				//manticore ok
//Sealed Bloodangel
	7342	0.0		        0.10	        270.0		-10.0		000.0		1.0				//Set Fury
	7343	0.0		        0.10	        270.0		-10.0		000.0		1.0				//Set Fury
	7344	0.0		        0.10	        270.0		-10.0		000.0		1.0				//Set Fury
	7346	0.0		        0.11	        270.0		-10.0		000.0		1.0             //Set Trancendence
    7347	0.0		        0.10	        270.0		-10.0		000.0		1.1             //Set Trancendence
    7348	0.0		        0.10	        270.0		-10.0		000.0		0.8             //Set Trancendence
    7349	0.0		        0.10	        270.0		-10.0		000.0		0.8             //Set Trancendence
	7350	0.0		        0.10	        270.0		-10.0		000.0		1.0             //Set Flury
	7351	0.0		        0.10	        270.0		-10.0		000.0		1.3             //Set Flury
	7352	0.0		        0.10	        270.0		-10.0		000.0		0.9             //Set Flury
	7353	0.0		        0.10	        270.0		-10.0		000.0		0.9             //Set Flury
	7354	0.0		        0.10	        270.0		-10.0		000.0		1.0				//Set Extremity
    7356	0.0		        0.10	        270.0		-10.0		000.0		1.0				//Set Extremity
    7357	0.0		        0.10	        270.0		-10.0		000.0		0.8             //Set Extremity
	7358	0.0		        0.11	        270.0		-10.0		000.0		1.0             //Set Conquest
    7359	0.0		        0.10	        270.0		-10.0		000.0		1.1             //Set Conquest
    7360	0.0		        0.10	        270.0		-10.0		000.0		0.8             //Set Conquest
    7361	0.0		        0.10	        270.0		-10.0		000.0		0.8             //Set Conquest
	7362	0.0		        0.10	        270.0		-10.0		000.0		1.0             //Set Honor
    7363	0.0		        0.10	        270.0		-10.0		000.0		1.3             //Set Honor
    7364	0.0		        0.10	        270.0		-10.0		000.0		0.9             //Set Honor
    7365	0.0		        0.10	        270.0		-10.0		000.0		0.9             //Set Honor
	7366	0.0		        0.10	        270.0		-10.0		000.0		1.0				
	7367	0.0		        0.10	        270.0		-10.0		000.0		1.0				
	7368	0.0		        0.10	        270.0		-10.0		000.0		1.0				
	7370    0.0             0.0             270.0       0.0         000.0       0.9
//Rud Box
	7371	0.0             0.0             270.0       0.0         000.0       1.6   			// Mastery Box Minor
	7372	0.0             0.0             270.0       0.0         000.0       1.6   			// Mastery Box Standard   
	7373	0.0             0.0             270.0       0.0         000.0       1.6   			// Mastery Box Greater  
//ItemIndex	TranslationX	TranslationY	RotationX	RotationY	RotationZ	Scale			Commnet
	6836	0.0				-0.02			270.0		0.0			000.0		1.5				//socket note
	6837	0.0				0.02			270.0		0.0			000.0		0.8				//seal of horse
	6838	0.0				0.02			270.0		0.0			000.0		1.0				//Sepulture
	6839	0.0				0.0				270.0		340.0		000.0		1.0				//masck 1	
	6840	0.0				0.0				270.0		340.0		000.0		1.0				//masck 2
//Rings s8-s15
	6841	0.0				0.01			270.0		340.0		000.0		1.0
	6842	0.0				-0.03			270.0		340.0		000.0		1.0
	6843	0.0				-0.03			270.0		340.0		000.0		1.0
	6844	0.0				-0.03			270.0		340.0		000.0		1.0
	6845	0.02			0.00			330.0		340.0		000.0		0.4
	6846	0.01			0.02			270.0		340.0		000.0		1.0
//Books s16
	2584	0.0             0.0             180.0       270.0         000.0       1.0   			
	2585	0.01             0.0             180.0       270.0         000.0       1.0   		
	2586	0.01             0.0             180.0       -270.0        000.0       1.0   			
	2587	-0.02             0.0             180.0       270.0         000.0       1.0   			
	2588	-0.01             0.0             180.0       270.0         000.0       1.0   			
	2589	0.0             0.0             270.0       20.0          000.0       1.0   			
end