//|================================================================|
//| Zythe CashShop Editor                                          |
//| Credit: Zyth3/louis                          [skype:tec-facil] |
//|================================================================|
//Cat	ID	Main	Item	Coin	Price	Bonus	PBase1	PBase2	PBase3	PBase4	PBase5	PBase6	PBase7	PBase8	PBase9	PBase10	PMain1	PMain2	PMain3	PMain4	PMain5	PMain6	PMain7	PMain8	PMain9	PMain10	Comment
31	108	108	1	508	200	0	1130	1410	2150	1600	10011	0	0	0	0	0	1130	1410	2150	1600	10011	0	0	0	0	0	// Guerrero Principiante
31	116	116	1	508	250	0	1160	0	0	0	0	0	0	0	0	0	1160	0	0	0	0	0	0	0	0	0	// Character Rename Service
31	118	118	1	508	200	0	1130	2120	1410	1610	10011	0	0	0	0	0	1130	2120	1410	1610	10011	0	0	0	0	0	// Mago Principiante
31	119	119	1	508	200	0	1130	1410	1340	1530	1590	10011	0	0	0	0	1130	1410	1340	1530	1590	10011	0	0	0	0	// Elfa Principiante
31	149	149	1	508	250	0	10016	10017	10018	10019	10020	0	0	0	0	0	10016	10017	10018	10019	10020	0	0	0	0	0	// Tickets Para Armadura Lucky 2
31	190	190	1	508	50	0	1900	0	0	0	0	0	0	0	0	0	1900	0	0	0	0	0	0	0	0	0	// Llave plateada
31	191	191	1	508	50	0	1910	0	0	0	0	0	0	0	0	0	1910	0	0	0	0	0	0	0	0	0	// Llave Dorada
31	211	211	1	508	200	0	2110	0	0	0	0	0	0	0	0	0	2110	0	0	0	0	0	0	0	0	0	// Carta del Caos ORO
31	213	213	1	508	250	0	2130	0	0	0	0	0	0	0	0	0	2130	0	0	0	0	0	0	0	0	0	// Carta del Caos RARA
31	229	229	1	508	250	0	10004	10005	10006	10007	10003	0	0	0	0	0	10004	10005	10006	10007	10003	0	0	0	0	0	// Tickets Para Armadura Lucky
31	280	280	1	508	200	0	2800	0	0	0	0	0	0	0	0	0	2800	0	0	0	0	0	0	0	0	0	// Mochila magica
31	327	327	1	508	200	0	3270	0	0	0	0	0	0	0	0	0	3270	0	0	0	0	0	0	0	0	0	// Carta Caos Mini
31	328	328	1	508	200	0	3280	0	0	0	0	0	0	0	0	0	3280	0	0	0	0	0	0	0	0	0	// Baul Expansion
32	122	122	1	508	90	0	1220	0	0	0	0	0	0	0	0	0	1220	0	0	0	0	0	0	0	0	0	// Anillo Skeleton
32	123	123	1	508	100	0	1230	0	0	0	0	0	0	0	0	0	1230	0	0	0	0	0	0	0	0	0	// Anillo Panda
32	124	124	1	508	100	0	1240	0	0	0	0	0	0	0	0	0	1240	0	0	0	0	0	0	0	0	0	// Anillo de Mago Letal
32	125	125	1	508	40	0	1250	0	0	0	0	0	0	0	0	0	1250	0	0	0	0	0	0	0	0	0	// Anillo Rubi
32	126	126	1	508	40	0	1260	0	0	0	0	0	0	0	0	0	1260	0	0	0	0	0	0	0	0	0	// Anillo Topacio
32	127	127	1	508	50	0	1270	0	0	0	0	0	0	0	0	0	1270	0	0	0	0	0	0	0	0	0	// Anillo Amatista
32	128	128	1	508	40	0	1280	0	0	0	0	0	0	0	0	0	1280	0	0	0	0	0	0	0	0	0	// Collar Rubies
32	129	129	1	508	40	0	1290	0	0	0	0	0	0	0	0	0	1290	0	0	0	0	0	0	0	0	0	// Collar Esmeraldas
32	130	130	1	508	40	0	1300	0	0	0	0	0	0	0	0	0	1300	0	0	0	0	0	0	0	0	0	// Collar de Zafiros
33	101	101	1	508	10	0	1010	0	0	0	0	0	0	0	0	0	1010	0	0	0	0	0	0	0	0	0	// Talisman de la Suerte
33	172	172	1	508	60	0	1720	0	0	0	0	0	0	0	0	0	1720	0	0	0	0	0	0	0	0	0	// Talisman del caos
33	173	173	1	508	25	0	1730	0	0	0	0	0	0	0	0	0	1730	0	0	0	0	0	0	0	0	0	// Talisman de Resurrecion
33	174	174	1	508	20	0	1740	0	0	0	0	0	0	0	0	0	1740	0	0	0	0	0	0	0	0	0	// Talisman de Movilidad
33	175	175	1	508	15	0	1750	0	0	0	0	0	0	0	0	0	1750	0	0	0	0	0	0	0	0	0	// Talisman del Guardian
33	238	238	1	508	10	0	2380	0	0	0	0	0	0	0	0	0	2380	0	0	0	0	0	0	0	0	0	// Talisman Proteccion de Obj.
33	270	270	1	508	20	0	2700	0	0	0	0	0	0	0	0	0	2700	0	0	0	0	0	0	0	0	0	// Talisman of Wings of Satan
33	271	271	1	508	20	0	2710	0	0	0	0	0	0	0	0	0	2710	0	0	0	0	0	0	0	0	0	// Talisman of Wings of Heaven
33	272	272	1	508	20	0	2720	0	0	0	0	0	0	0	0	0	2720	0	0	0	0	0	0	0	0	0	// Talisman of Wings of Elf
33	273	273	1	508	20	0	2730	0	0	0	0	0	0	0	0	0	2730	0	0	0	0	0	0	0	0	0	// Talisman of Wing of Curse
33	274	274	1	508	20	0	2740	0	0	0	0	0	0	0	0	0	2740	0	0	0	0	0	0	0	0	0	// Talisman of Cape of Emperor
33	275	275	1	508	30	0	2750	0	0	0	0	0	0	0	0	0	2750	0	0	0	0	0	0	0	0	0	// Talisman of Wings of Dragon
33	276	276	1	508	20	0	2760	0	0	0	0	0	0	0	0	0	2760	0	0	0	0	0	0	0	0	0	// Talisman of Wings of Soul
33	277	277	1	508	30	0	2770	0	0	0	0	0	0	0	0	0	2770	0	0	0	0	0	0	0	0	0	// Talisman of Wings of Spirits
33	278	278	1	508	30	0	2780	0	0	0	0	0	0	0	0	0	2780	0	0	0	0	0	0	0	0	0	// Talisman of Wing of Despair
33	279	279	1	508	20	0	2790	0	0	0	0	0	0	0	0	0	2790	0	0	0	0	0	0	0	0	0	// Talisman of Wings of Darkness
34	140	140	1	508	50	0	1400	0	0	0	0	0	0	0	0	0	1400	0	0	0	0	0	0	0	0	0	// Sello de Sustento
34	141	141	1	508	75	0	1410	0	0	0	0	0	0	0	0	0	1410	0	0	0	0	0	0	0	0	0	// Sello de Ascension
34	142	142	1	508	75	0	1420	0	0	0	0	0	0	0	0	0	1420	0	0	0	0	0	0	0	0	0	// Sello de Riqueza
34	143	143	1	508	75	0	1430	0	0	0	0	0	0	0	0	0	1430	0	0	0	0	0	0	0	0	0	// Sello de Curacion
34	144	144	1	508	75	0	1440	0	0	0	0	0	0	0	0	0	1440	0	0	0	0	0	0	0	0	0	// Sello de Divinidad
34	145	145	1	508	80	0	1450	0	0	0	0	0	0	0	0	0	1450	0	0	0	0	0	0	0	0	0	// Max AG Impulsor
34	146	146	1	508	80	0	1460	0	0	0	0	0	0	0	0	0	1460	0	0	0	0	0	0	0	0	0	// Max SD Impulsor
34	147	147	1	508	120	0	1470	0	0	0	0	0	0	0	0	0	1470	0	0	0	0	0	0	0	0	0	// Sello Maestro de Curacion
34	148	148	1	508	120	0	1480	0	0	0	0	0	0	0	0	0	1480	0	0	0	0	0	0	0	0	0	// Master Seal of Ascension
34	255	255	1	508	100	0	2550	0	0	0	0	0	0	0	0	0	2550	0	0	0	0	0	0	0	0	0	// Party EXP Scroll
34	256	256	1	508	100	0	2560	0	0	0	0	0	0	0	0	0	2560	0	0	0	0	0	0	0	0	0	// Sello de Movilidad
35	156	156	1	508	120	0	1560	0	0	0	0	0	0	0	0	0	1560	0	0	0	0	0	0	0	0	0	// Mascota Panda
35	157	157	1	508	130	0	1570	0	0	0	0	0	0	0	0	0	1570	0	0	0	0	0	0	0	0	0	// Mascota Unicornio
35	158	158	1	508	120	0	1580	0	0	0	0	0	0	0	0	0	1580	0	0	0	0	0	0	0	0	0	// Mascota Esqueleton
35	159	159	1	508	80	0	1590	0	0	0	0	0	0	0	0	0	1590	0	0	0	0	0	0	0	0	0	// Espiritud Guardian
35	160	160	1	508	80	0	1600	0	0	0	0	0	0	0	0	0	1600	0	0	0	0	0	0	0	0	0	// Demonio
35	161	161	1	508	100	0	1610	0	0	0	0	0	0	0	0	0	1610	0	0	0	0	0	0	0	0	0	// Mascota Rudolf
35	162	162	1	508	500	0	1620	0	0	0	0	0	0	0	0	0	1620	0	0	0	0	0	0	0	0	0	// Caballo Oscuro
35	163	163	1	508	500	0	1630	0	0	0	0	0	0	0	0	0	1630	0	0	0	0	0	0	0	0	0	// Cuervo Oscuro
35	164	164	1	508	550	0	1640	0	0	0	0	0	0	0	0	0	1640	0	0	0	0	0	0	0	0	0	// Cuerno de Fenrir Rojo
35	165	165	1	508	50	0	1650	0	0	0	0	0	0	0	0	0	1650	0	0	0	0	0	0	0	0	0	// Cuerno de Dinorante
36	102	102	1	508	60	0	1020	0	0	0	0	0	0	0	0	0	1020	0	0	0	0	0	0	0	0	0	// Devil Square Ticket
36	103	103	1	508	60	0	1030	0	0	0	0	0	0	0	0	0	1030	0	0	0	0	0	0	0	0	0	// Blood Castle Ticket
36	104	104	1	508	60	0	1040	0	0	0	0	0	0	0	0	0	1040	0	0	0	0	0	0	0	0	0	// Ticket de Acceso Chaos Castle
36	105	105	1	508	60	0	1050	0	0	0	0	0	0	0	0	0	1050	0	0	0	0	0	0	0	0	0	// Kalima Ticket
36	107	107	1	508	60	0	1070	0	0	0	0	0	0	0	0	0	1070	0	0	0	0	0	0	0	0	0	// Ticket de Acceso a Varka
36	131	131	1	508	60	0	1310	0	0	0	0	0	0	0	0	0	1310	0	0	0	0	0	0	0	0	0	// Ticket de Acceso illusion Temple
36	167	167	1	508	60	0	1670	0	0	0	0	0	0	0	0	0	1670	0	0	0	0	0	0	0	0	0	// Access Ticket to Varka Map 7
38	109	109	1	508	60	0	1090	0	0	0	0	0	0	0	0	0	1090	0	0	0	0	0	0	0	0	0	// Pergamino de Rapidez
38	110	110	1	508	60	0	1100	0	0	0	0	0	0	0	0	0	1100	0	0	0	0	0	0	0	0	0	// Pergamino de Fuerza
38	111	111	1	508	60	0	1110	0	0	0	0	0	0	0	0	0	1110	0	0	0	0	0	0	0	0	0	// Pergamino de Batalla
38	112	112	1	508	60	0	1120	0	0	0	0	0	0	0	0	0	1120	0	0	0	0	0	0	0	0	0	// Pergamino de Curacion
38	113	113	1	508	60	0	1130	0	0	0	0	0	0	0	0	0	1130	0	0	0	0	0	0	0	0	0	// Pergamino de Mana
38	115	115	1	508	60	0	1150	0	0	0	0	0	0	0	0	0	1150	0	0	0	0	0	0	0	0	0	// Pergamino de Defensa
38	176	176	1	508	60	0	1760	0	0	0	0	0	0	0	0	0	1760	0	0	0	0	0	0	0	0	0	// Pergamino de Ira
38	214	214	1	508	60	0	2140	0	0	0	0	0	0	0	0	0	2140	0	0	0	0	0	0	0	0	0	// Pergamino de Hechizo
39	182	182	1	508	12	0	1820	0	0	0	0	0	0	0	0	0	1820	0	0	0	0	0	0	0	0	0	// Pocion Elite de Curacion
39	183	183	1	508	12	0	1830	0	0	0	0	0	0	0	0	0	1830	0	0	0	0	0	0	0	0	0	// Pocion Elite de Mana
39	184	184	1	508	12	0	1840	0	0	0	0	0	0	0	0	0	1840	0	0	0	0	0	0	0	0	0	// Pocion Elit de SD
39	281	281	1	508	50	0	2810	0	0	0	0	0	0	0	0	0	2810	0	0	0	0	0	0	0	0	0	// Elixir of Strength
39	282	282	1	508	50	0	2820	0	0	0	0	0	0	0	0	0	2820	0	0	0	0	0	0	0	0	0	// Elixir of Agility
39	283	283	1	508	50	0	2830	0	0	0	0	0	0	0	0	0	2830	0	0	0	0	0	0	0	0	0	// Elixir of Health
39	314	314	1	508	50	0	3140	0	0	0	0	0	0	0	0	0	3140	0	0	0	0	0	0	0	0	0	// Elixir of Control
39	315	315	1	508	50	0	3150	0	0	0	0	0	0	0	0	0	3150	0	0	0	0	0	0	0	0	0	// Elixir of Energy
39	316	316	1	508	8	0	3160	0	0	0	0	0	0	0	0	0	3160	0	0	0	0	0	0	0	0	0	// Medium Elite Healing Potion
40	132	132	1	508	80	0	1320	0	0	0	0	0	0	0	0	0	1320	0	0	0	0	0	0	0	0	0	// Small Cape of Lord
40	133	133	1	508	80	0	1330	0	0	0	0	0	0	0	0	0	1330	0	0	0	0	0	0	0	0	0	// Small Wing of Curse
40	134	134	1	508	80	0	1340	0	0	0	0	0	0	0	0	0	1340	0	0	0	0	0	0	0	0	0	// Small Wings of Elf
40	192	192	1	508	500	0	1920	0	0	0	0	0	0	0	0	0	1920	0	0	0	0	0	0	0	0	0	// Wings of Dragon
40	193	193	1	508	500	0	1930	0	0	0	0	0	0	0	0	0	1930	0	0	0	0	0	0	0	0	0	// Wings of Darkness
40	194	194	1	508	500	0	1940	0	0	0	0	0	0	0	0	0	1940	0	0	0	0	0	0	0	0	0	// Wings of Soul
40	195	195	1	508	500	0	1950	0	0	0	0	0	0	0	0	0	1950	0	0	0	0	0	0	0	0	0	// Wings of Spirits
40	196	196	1	508	500	0	1960	0	0	0	0	0	0	0	0	0	1960	0	0	0	0	0	0	0	0	0	// Wind of Despair
40	197	197	1	508	500	0	1970	0	0	0	0	0	0	0	0	0	1970	0	0	0	0	0	0	0	0	0	// Cape of Fighter
40	198	198	1	508	500	0	1980	0	0	0	0	0	0	0	0	0	1980	0	0	0	0	0	0	0	0	0	// Cape of Lord
40	203	203	1	508	1000	0	2030	0	0	0	0	0	0	0	0	0	2030	0	0	0	0	0	0	0	0	0	// Wing of Storm
40	204	204	1	508	1000	0	2040	0	0	0	0	0	0	0	0	0	2040	0	0	0	0	0	0	0	0	0	// Wing of Eternal
40	205	205	1	508	1000	0	2050	0	0	0	0	0	0	0	0	0	2050	0	0	0	0	0	0	0	0	0	// Wing of Illusion
40	206	206	1	508	1000	0	2060	0	0	0	0	0	0	0	0	0	2060	0	0	0	0	0	0	0	0	0	// Wing of Ruin
40	207	207	1	508	1000	0	2070	0	0	0	0	0	0	0	0	0	2070	0	0	0	0	0	0	0	0	0	// Cape of Emperor
40	208	208	1	508	1000	0	2080	0	0	0	0	0	0	0	0	0	2080	0	0	0	0	0	0	0	0	0	// Wing of Dimension
40	212	212	1	508	80	0	2120	0	0	0	0	0	0	0	0	0	2120	0	0	0	0	0	0	0	0	0	// Small Wings of Heaven
40	215	215	1	508	80	0	2150	0	0	0	0	0	0	0	0	0	2150	0	0	0	0	0	0	0	0	0	// Small Wings of Satan
40	216	216	1	508	80	0	2160	0	0	0	0	0	0	0	0	0	2160	0	0	0	0	0	0	0	0	0	// Little Warrior's Cloak
41	185	185	1	509	500	0	1850	0	0	0	0	0	0	0	0	0	1850	0	0	0	0	0	0	0	0	0	// Llave plateada
41	186	186	1	509	500	0	1860	0	0	0	0	0	0	0	0	0	1860	0	0	0	0	0	0	0	0	0	// Llave Dorada
41	187	187	1	509	2500	0	1870	0	0	0	0	0	0	0	0	0	1870	0	0	0	0	0	0	0	0	0	// Cambio de Nombre
41	188	188	1	509	2000	0	1880	0	0	0	0	0	0	0	0	0	1880	0	0	0	0	0	0	0	0	0	// Carta del Caos ORO
41	189	189	1	509	2500	0	1890	0	0	0	0	0	0	0	0	0	1890	0	0	0	0	0	0	0	0	0	// Carta del Caos RARA
41	329	329	1	509	2000	0	3290	0	0	0	0	0	0	0	0	0	3290	0	0	0	0	0	0	0	0	0	// Mochila magica
41	330	330	1	509	200	0	3300	0	0	0	0	0	0	0	0	0	3300	0	0	0	0	0	0	0	0	0	// Carta Caos Mini
41	331	331	1	509	200	0	3310	0	0	0	0	0	0	0	0	0	3310	0	0	0	0	0	0	0	0	0	// Baul Expansion
42	332	332	1	509	900	0	3320	0	0	0	0	0	0	0	0	0	3320	0	0	0	0	0	0	0	0	0	// Anillo Skeleton
42	333	333	1	509	1000	0	3330	0	0	0	0	0	0	0	0	0	3330	0	0	0	0	0	0	0	0	0	// Anillo Panda
42	334	334	1	509	1000	0	3340	0	0	0	0	0	0	0	0	0	3340	0	0	0	0	0	0	0	0	0	// Anillo de Mago Letal
42	335	335	1	509	400	0	3350	0	0	0	0	0	0	0	0	0	3350	0	0	0	0	0	0	0	0	0	// Anillo Rubi
42	336	336	1	509	400	0	3360	0	0	0	0	0	0	0	0	0	3360	0	0	0	0	0	0	0	0	0	// Anillo Topacio
42	337	337	1	509	500	0	3370	0	0	0	0	0	0	0	0	0	3370	0	0	0	0	0	0	0	0	0	// Anillo Amatista
42	338	338	1	509	400	0	3380	0	0	0	0	0	0	0	0	0	3380	0	0	0	0	0	0	0	0	0	// Collar Rubies
42	339	339	1	509	400	0	3390	0	0	0	0	0	0	0	0	0	3390	0	0	0	0	0	0	0	0	0	// Collar Esmeraldas
42	340	340	1	509	400	0	3400	0	0	0	0	0	0	0	0	0	3400	0	0	0	0	0	0	0	0	0	// Collar de Zafiros
43	346	346	1	509	500	0	3460	0	0	0	0	0	0	0	0	0	3460	0	0	0	0	0	0	0	0	0	// Sello de Sustento
43	347	347	1	509	750	0	3470	0	0	0	0	0	0	0	0	0	3470	0	0	0	0	0	0	0	0	0	// Sello de Ascension
43	348	348	1	509	750	0	3480	0	0	0	0	0	0	0	0	0	3480	0	0	0	0	0	0	0	0	0	// Sello de Riqueza
43	349	349	1	509	7500	0	3490	0	0	0	0	0	0	0	0	0	3490	0	0	0	0	0	0	0	0	0	// Sello de Curacion
43	350	350	1	509	750	0	3500	0	0	0	0	0	0	0	0	0	3500	0	0	0	0	0	0	0	0	0	// Sello de Divinidad
43	351	351	1	509	800	0	3510	0	0	0	0	0	0	0	0	0	3510	0	0	0	0	0	0	0	0	0	// Max AG Impulsor
43	352	352	1	509	800	0	3520	0	0	0	0	0	0	0	0	0	3520	0	0	0	0	0	0	0	0	0	// Max SD Impulsor
44	353	353	1	509	1200	0	3530	0	0	0	0	0	0	0	0	0	3530	0	0	0	0	0	0	0	0	0	// Mascota Panda
44	354	354	1	509	1300	0	3540	0	0	0	0	0	0	0	0	0	3540	0	0	0	0	0	0	0	0	0	// Mascota Unicornio
44	355	355	1	509	1200	0	3550	0	0	0	0	0	0	0	0	0	3550	0	0	0	0	0	0	0	0	0	// Mascota Esqueleton
44	356	356	1	509	800	0	3560	0	0	0	0	0	0	0	0	0	3560	0	0	0	0	0	0	0	0	0	// Demonio
44	357	357	1	509	800	0	3570	0	0	0	0	0	0	0	0	0	3570	0	0	0	0	0	0	0	0	0	// Espiritud Guardian
44	358	358	1	509	1000	0	3580	0	0	0	0	0	0	0	0	0	3580	0	0	0	0	0	0	0	0	0	// Mascota Rudolf
44	360	360	1	509	5000	0	3600	0	0	0	0	0	0	0	0	0	3600	0	0	0	0	0	0	0	0	0	// Cuervo Oscuro
44	361	361	1	509	5000	0	3610	0	0	0	0	0	0	0	0	0	3610	0	0	0	0	0	0	0	0	0	// Caballo Oscuro
44	362	362	1	509	500	0	3620	0	0	0	0	0	0	0	0	0	3620	0	0	0	0	0	0	0	0	0	// Cuerno de Dinorante
44	363	363	1	509	6000	0	3630	0	0	0	0	0	0	0	0	0	3630	0	0	0	0	0	0	0	0	0	// Cuerno de Fenrir Rojo
45	364	364	1	509	100	0	3640	0	0	0	0	0	0	0	0	0	3640	0	0	0	0	0	0	0	0	0	// Talisman de la Suerte
45	367	367	1	509	600	0	3670	0	0	0	0	0	0	0	0	0	3670	0	0	0	0	0	0	0	0	0	// Talisman del caos
45	368	368	1	509	250	0	3680	0	0	0	0	0	0	0	0	0	3680	0	0	0	0	0	0	0	0	0	// Talisman de Resurrecion
45	369	369	1	509	200	0	3690	0	0	0	0	0	0	0	0	0	3690	0	0	0	0	0	0	0	0	0	// Talisman de Movilidad
45	370	370	1	509	150	0	3700	0	0	0	0	0	0	0	0	0	3700	0	0	0	0	0	0	0	0	0	// Talisman del Guardian
45	371	371	1	509	100	0	3710	0	0	0	0	0	0	0	0	0	3710	0	0	0	0	0	0	0	0	0	// Talisman Proteccion de Obj.
46	372	372	1	509	600	0	3720	0	0	0	0	0	0	0	0	0	3720	0	0	0	0	0	0	0	0	0	// Pergamino de Rapidez
46	373	373	1	509	600	0	3730	0	0	0	0	0	0	0	0	0	3730	0	0	0	0	0	0	0	0	0	// Pergamino de Fuerza
46	374	374	1	509	600	0	3740	0	0	0	0	0	0	0	0	0	3740	0	0	0	0	0	0	0	0	0	// Pergamino de Batalla
46	375	375	1	509	600	0	3750	0	0	0	0	0	0	0	0	0	3750	0	0	0	0	0	0	0	0	0	// Pergamino de Curacion
46	376	376	1	509	600	0	3760	0	0	0	0	0	0	0	0	0	3760	0	0	0	0	0	0	0	0	0	// Pergamino de Mana
46	392	392	1	509	600	0	3920	0	0	0	0	0	0	0	0	0	3920	0	0	0	0	0	0	0	0	0	// Pergamino de Defensa
46	393	393	1	509	600	0	3930	0	0	0	0	0	0	0	0	0	3930	0	0	0	0	0	0	0	0	0	// Pergamino de Ira
46	394	394	1	509	600	0	3940	0	0	0	0	0	0	0	0	0	3940	0	0	0	0	0	0	0	0	0	// Pergamino de Hechizo
47	377	377	1	509	5000	0	3770	0	0	0	0	0	0	0	0	0	3770	0	0	0	0	0	0	0	0	0	// Wings of Dragon
47	378	378	1	509	5000	0	3780	0	0	0	0	0	0	0	0	0	3780	0	0	0	0	0	0	0	0	0	// Wings of Darkness
47	379	379	1	509	5000	0	3790	0	0	0	0	0	0	0	0	0	3790	0	0	0	0	0	0	0	0	0	// Wings of Soul
47	380	380	1	509	5000	0	3800	0	0	0	0	0	0	0	0	0	3800	0	0	0	0	0	0	0	0	0	// Wings of Spirits
47	381	381	1	509	5000	0	3810	0	0	0	0	0	0	0	0	0	3810	0	0	0	0	0	0	0	0	0	// Wind of Despair
47	382	382	1	509	5000	0	3820	0	0	0	0	0	0	0	0	0	3820	0	0	0	0	0	0	0	0	0	// Cape of Fighter
47	383	383	1	509	5000	0	3830	0	0	0	0	0	0	0	0	0	3830	0	0	0	0	0	0	0	0	0	// Cape of Lord
47	384	384	1	509	10000	0	3840	0	0	0	0	0	0	0	0	0	3840	0	0	0	0	0	0	0	0	0	// Wing of Storm
47	385	385	1	509	10000	0	3850	0	0	0	0	0	0	0	0	0	3850	0	0	0	0	0	0	0	0	0	// Wing of Eternal
47	386	386	1	509	10000	0	3860	0	0	0	0	0	0	0	0	0	3860	0	0	0	0	0	0	0	0	0	// Wing of Illusion
47	387	387	1	509	10000	0	3870	0	0	0	0	0	0	0	0	0	3870	0	0	0	0	0	0	0	0	0	// Wing of Ruin
47	388	388	1	509	10000	0	3880	0	0	0	0	0	0	0	0	0	3880	0	0	0	0	0	0	0	0	0	// Cape of Emperor
47	389	389	1	509	10000	0	3890	0	0	0	0	0	0	0	0	0	3890	0	0	0	0	0	0	0	0	0	// Wing of Dimension
61	150	150	1	0	600	0	1500	0	0	0	0	0	0	0	0	0	1500	0	0	0	0	0	0	0	0	0	// Pergamino de Rapidez
61	151	151	1	0	600	0	1510	0	0	0	0	0	0	0	0	0	1510	0	0	0	0	0	0	0	0	0	// Pergamino de Fuerza
61	152	152	1	0	600	0	1520	0	0	0	0	0	0	0	0	0	1520	0	0	0	0	0	0	0	0	0	// Pergamino de Batalla
61	153	153	1	0	600	0	1530	0	0	0	0	0	0	0	0	0	1530	0	0	0	0	0	0	0	0	0	// Pergamino de Curacion
61	154	154	1	0	600	0	1540	0	0	0	0	0	0	0	0	0	1540	0	0	0	0	0	0	0	0	0	// Pergamino de Mana
61	155	155	1	0	600	0	1550	0	0	0	0	0	0	0	0	0	1550	0	0	0	0	0	0	0	0	0	// Pergamino de Defensa
61	166	166	1	0	600	0	1660	0	0	0	0	0	0	0	0	0	1660	0	0	0	0	0	0	0	0	0	// Pergamino de Ira
61	311	311	1	0	500	0	3110	0	0	0	0	0	0	0	0	0	3110	0	0	0	0	0	0	0	0	0	// Cherry Blossom Rice Cake
61	312	312	1	0	500	0	3120	0	0	0	0	0	0	0	0	0	3120	0	0	0	0	0	0	0	0	0	// Cherry Blossom Wine
61	313	313	1	0	500	0	3130	0	0	0	0	0	0	0	0	0	3130	0	0	0	0	0	0	0	0	0	// Cherry Blossom Flower Petal
62	114	114	1	0	5000	0	1140	0	0	0	0	0	0	0	0	0	1140	0	0	0	0	0	0	0	0	0	// Joyas de Extension
62	117	117	1	0	5000	0	1170	0	0	0	0	0	0	0	0	0	1170	0	0	0	0	0	0	0	0	0	// Joya de Combinacion Errte
62	217	217	1	0	5000	0	2170	0	0	0	0	0	0	0	0	0	2170	0	0	0	0	0	0	0	0	0	// Hueso Del Rey Muerte
62	218	218	1	0	5000	0	2180	0	0	0	0	0	0	0	0	0	2180	0	0	0	0	0	0	0	0	0	// Alma del Caballero de la Muerte
62	219	219	1	0	5000	0	2190	0	0	0	0	0	0	0	0	0	2190	0	0	0	0	0	0	0	0	0	// LLama del Fenix Oscuro
62	220	220	1	0	5000	0	2200	0	0	0	0	0	0	0	0	0	2200	0	0	0	0	0	0	0	0	0	// Cuero del Hell Maine
62	223	223	1	0	250	0	2230	0	0	0	0	0	0	0	0	0	2230	0	0	0	0	0	0	0	0	0	// Polvo Espiritual
63	120	120	1	0	250	0	1200	0	0	0	0	0	0	0	0	0	1200	0	0	0	0	0	0	0	0	0	// Talisman de la Suerte
63	137	137	1	0	150	0	1370	0	0	0	0	0	0	0	0	0	1370	0	0	0	0	0	0	0	0	0	// Talisman del Guardian
63	225	225	1	0	250	0	2250	0	0	0	0	0	0	0	0	0	2250	0	0	0	0	0	0	0	0	0	// Talisman del caos
63	226	226	1	0	150	0	2260	0	0	0	0	0	0	0	0	0	2260	0	0	0	0	0	0	0	0	0	// Talisman de Resurrecion
63	227	227	1	0	100	0	2270	0	0	0	0	0	0	0	0	0	2270	0	0	0	0	0	0	0	0	0	// Talisman de Movilidad
63	228	228	1	0	100	0	2280	0	0	0	0	0	0	0	0	0	2280	0	0	0	0	0	0	0	0	0	// Talisman Proteccion de Obj.
63	239	239	1	0	500	0	2390	0	0	0	0	0	0	0	0	0	2390	0	0	0	0	0	0	0	0	0	// Talisman of Wings of Satan
63	252	252	1	0	500	0	2520	0	0	0	0	0	0	0	0	0	2520	0	0	0	0	0	0	0	0	0	// Talisman of Wings of Heaven
63	253	253	1	0	500	0	2530	0	0	0	0	0	0	0	0	0	2530	0	0	0	0	0	0	0	0	0	// Talisman of Wings of Elf
63	254	254	1	0	500	0	2540	0	0	0	0	0	0	0	0	0	2540	0	0	0	0	0	0	0	0	0	// Talisman of Wing of Curse
63	257	257	1	0	900	0	2570	0	0	0	0	0	0	0	0	0	2570	0	0	0	0	0	0	0	0	0	// Talisman of Cape of Emperor
63	258	258	1	0	1000	0	2580	0	0	0	0	0	0	0	0	0	2580	0	0	0	0	0	0	0	0	0	// Talisman of Wings of Dragon
63	284	284	1	0	1000	0	2840	0	0	0	0	0	0	0	0	0	2840	0	0	0	0	0	0	0	0	0	// Talisman of Wings of Soul
63	285	285	1	0	1000	0	2850	0	0	0	0	0	0	0	0	0	2850	0	0	0	0	0	0	0	0	0	// Talisman of Wings of Spirits
63	286	286	1	0	1000	0	2860	0	0	0	0	0	0	0	0	0	2860	0	0	0	0	0	0	0	0	0	// Talisman of Wing of Despair
63	287	287	1	0	1000	0	2870	0	0	0	0	0	0	0	0	0	2870	0	0	0	0	0	0	0	0	0	// Talisman of Wings of Darkness
64	177	177	1	0	4000	0	1770	0	0	0	0	0	0	0	0	0	1770	0	0	0	0	0	0	0	0	0	// Fruta de Fuerza
64	178	178	1	0	4000	0	1780	0	0	0	0	0	0	0	0	0	1780	0	0	0	0	0	0	0	0	0	// Fruta de velocidad
64	179	179	1	0	4000	0	1790	0	0	0	0	0	0	0	0	0	1790	0	0	0	0	0	0	0	0	0	// Fruta de Vida
64	180	180	1	0	4000	0	1800	0	0	0	0	0	0	0	0	0	1800	0	0	0	0	0	0	0	0	0	// Fruta de Energia
64	181	181	1	0	4000	0	1810	0	0	0	0	0	0	0	0	0	1810	0	0	0	0	0	0	0	0	0	// Fruta Comando
65	221	221	1	0	1500	0	2210	0	0	0	0	0	0	0	0	0	2210	0	0	0	0	0	0	0	0	0	// Jewel of Bless +30
65	222	222	1	0	2000	0	2220	0	0	0	0	0	0	0	0	0	2220	0	0	0	0	0	0	0	0	0	// Jewel of Soul +30
65	230	230	1	0	4800	0	2300	0	0	0	0	0	0	0	0	0	2300	0	0	0	0	0	0	0	0	0	// Jewel of Life +10
65	231	231	1	0	5000	0	2310	0	0	0	0	0	0	0	0	0	2310	0	0	0	0	0	0	0	0	0	// Jewel of Creation +10
65	232	232	1	0	4500	0	2320	0	0	0	0	0	0	0	0	0	2320	0	0	0	0	0	0	0	0	0	// Jewel of Guardian +10
65	234	234	1	0	4800	0	2340	0	0	0	0	0	0	0	0	0	2340	0	0	0	0	0	0	0	0	0	// Jewel of Harmony +10
65	294	294	1	0	4000	0	2940	0	0	0	0	0	0	0	0	0	2940	0	0	0	0	0	0	0	0	0	// Jewel of Chaos +10
66	233	233	1	0	32000	0	2330	0	0	0	0	0	0	0	0	0	2330	0	0	0	0	0	0	0	0	0	// Wing of Eternal
66	235	235	1	0	4000	0	2350	0	0	0	0	0	0	0	0	0	2350	0	0	0	0	0	0	0	0	0	// Alas de Elfa
66	236	236	1	0	4000	0	2360	0	0	0	0	0	0	0	0	0	2360	0	0	0	0	0	0	0	0	0	// Alas del Cielo
66	237	237	1	0	4000	0	2370	0	0	0	0	0	0	0	0	0	2370	0	0	0	0	0	0	0	0	0	// Alas de satan
66	245	245	1	0	4000	0	2450	0	0	0	0	0	0	0	0	0	2450	0	0	0	0	0	0	0	0	0	// Alas de Maldicion
66	246	246	1	0	11000	0	2460	0	0	0	0	0	0	0	0	0	2460	0	0	0	0	0	0	0	0	0	// Capa del Lord
66	247	247	1	0	12000	0	2470	0	0	0	0	0	0	0	0	0	2470	0	0	0	0	0	0	0	0	0	// Alas de Los Espiritus
66	248	248	1	0	12000	0	2480	0	0	0	0	0	0	0	0	0	2480	0	0	0	0	0	0	0	0	0	// Alas del Alma
66	249	249	1	0	12000	0	2490	0	0	0	0	0	0	0	0	0	2490	0	0	0	0	0	0	0	0	0	// Alas de Dragon
66	250	250	1	0	12000	0	2500	0	0	0	0	0	0	0	0	0	2500	0	0	0	0	0	0	0	0	0	// Wings of Darkness
66	251	251	1	0	12000	0	2510	0	0	0	0	0	0	0	0	0	2510	0	0	0	0	0	0	0	0	0	// Wind of Despair
66	288	288	1	0	800	0	2880	0	0	0	0	0	0	0	0	0	2880	0	0	0	0	0	0	0	0	0	// Small Cape of Lord
66	289	289	1	0	800	0	2890	0	0	0	0	0	0	0	0	0	2890	0	0	0	0	0	0	0	0	0	// Small Wing of Curse
66	290	290	1	0	800	0	2900	0	0	0	0	0	0	0	0	0	2900	0	0	0	0	0	0	0	0	0	// Small Wings of Elf
66	291	291	1	0	800	0	2910	0	0	0	0	0	0	0	0	0	2910	0	0	0	0	0	0	0	0	0	// Small Wings of Heaven
66	292	292	1	0	800	0	2920	0	0	0	0	0	0	0	0	0	2920	0	0	0	0	0	0	0	0	0	// Small Wings of Satan
66	293	293	1	0	800	0	2930	0	0	0	0	0	0	0	0	0	2930	0	0	0	0	0	0	0	0	0	// Little Warrior's Cloak
66	295	295	1	0	32000	0	2950	0	0	0	0	0	0	0	0	0	2950	0	0	0	0	0	0	0	0	0	// Wing of Illusion
66	296	296	1	0	32000	0	2960	0	0	0	0	0	0	0	0	0	2960	0	0	0	0	0	0	0	0	0	// Wing of Ruin
66	297	297	1	0	32000	0	2970	0	0	0	0	0	0	0	0	0	2970	0	0	0	0	0	0	0	0	0	// Wing of Storm
66	298	298	1	0	32000	0	2980	0	0	0	0	0	0	0	0	0	2980	0	0	0	0	0	0	0	0	0	// Cape of Emperor
66	299	299	1	0	32000	0	2990	0	0	0	0	0	0	0	0	0	2990	0	0	0	0	0	0	0	0	0	// Wing of Dimension
66	300	300	1	0	12000	0	3000	0	0	0	0	0	0	0	0	0	3000	0	0	0	0	0	0	0	0	0	// Cape of Fighter
66	301	301	1	0	32000	0	3010	0	0	0	0	0	0	0	0	0	3010	0	0	0	0	0	0	0	0	0	// Cape of Overrule
67	240	240	1	0	3000	0	2400	0	0	0	0	0	0	0	0	0	2400	0	0	0	0	0	0	0	0	0	// Mascota Panda
67	241	241	1	0	3000	0	2410	0	0	0	0	0	0	0	0	0	2410	0	0	0	0	0	0	0	0	0	// Mascota Esqueleton
67	242	242	1	0	3000	0	2420	0	0	0	0	0	0	0	0	0	2420	0	0	0	0	0	0	0	0	0	// Mascota Rudolf
67	243	243	1	0	3000	0	2430	0	0	0	0	0	0	0	0	0	2430	0	0	0	0	0	0	0	0	0	// Demonio
67	244	244	1	0	3000	0	2440	0	0	0	0	0	0	0	0	0	2440	0	0	0	0	0	0	0	0	0	// Espiritud Guardian
67	302	302	1	0	25000	0	3020	0	0	0	0	0	0	0	0	0	3020	0	0	0	0	0	0	0	0	0	// Horn of Fenrir
67	303	303	1	0	1000	0	3030	0	0	0	0	0	0	0	0	0	3030	0	0	0	0	0	0	0	0	0	// Horn of Dinorant
67	304	304	1	0	5000	0	3040	0	0	0	0	0	0	0	0	0	3040	0	0	0	0	0	0	0	0	0	// Dark Raven
67	305	305	1	0	5000	0	3050	0	0	0	0	0	0	0	0	0	3050	0	0	0	0	0	0	0	0	0	// Dark Horse
68	306	306	1	0	400	0	3060	0	0	0	0	0	0	0	0	0	3060	0	0	0	0	0	0	0	0	0	// Kundun+1
68	307	307	1	0	800	0	3070	0	0	0	0	0	0	0	0	0	3070	0	0	0	0	0	0	0	0	0	// Kundun+2
68	308	308	1	0	1500	0	3080	0	0	0	0	0	0	0	0	0	3080	0	0	0	0	0	0	0	0	0	// Kundun+3
68	309	309	1	0	2200	0	3090	0	0	0	0	0	0	0	0	0	3090	0	0	0	0	0	0	0	0	0	// Kundun+4
68	310	310	1	0	3000	0	3100	0	0	0	0	0	0	0	0	0	3100	0	0	0	0	0	0	0	0	0	// Kundun+5
68	317	317	1	0	500	0	3170	0	0	0	0	0	0	0	0	0	3170	0	0	0	0	0	0	0	0	0	// Green Chaos Box
68	318	318	1	0	500	0	3180	0	0	0	0	0	0	0	0	0	3180	0	0	0	0	0	0	0	0	0	// Red Chaos Box
68	319	319	1	0	500	0	3190	0	0	0	0	0	0	0	0	0	3190	0	0	0	0	0	0	0	0	0	// Purple Chaos Box
68	325	325	1	0	1200	0	3250	0	0	0	0	0	0	0	0	0	3250	0	0	0	0	0	0	0	0	0	// Llave plateada
68	326	326	1	0	1200	0	3260	0	0	0	0	0	0	0	0	0	3260	0	0	0	0	0	0	0	0	0	// Llave Dorada
69	320	320	1	0	500	0	3200	0	0	0	0	0	0	0	0	0	3200	0	0	0	0	0	0	0	0	0	// Elixir of Strength
69	321	321	1	0	500	0	3210	0	0	0	0	0	0	0	0	0	3210	0	0	0	0	0	0	0	0	0	// Elixir of Agility
69	322	322	1	0	500	0	3220	0	0	0	0	0	0	0	0	0	3220	0	0	0	0	0	0	0	0	0	// Elixir of Health
69	323	323	1	0	500	0	3230	0	0	0	0	0	0	0	0	0	3230	0	0	0	0	0	0	0	0	0	// Elixir of Energy
69	324	324	1	0	500	0	3240	0	0	0	0	0	0	0	0	0	3240	0	0	0	0	0	0	0	0	0	// Elixir of Control
end
