//In	IIndex	DefA	IncDmgA	IncDmgB	DecDmgA	DecDmgB	Opt1	Opt1	Opt2	Opt2   	Opt3	Opt3	NewOpt1	NewOpt1	NewOpt2	NewOpt2	NewOpt3	NewOpt3	NewOpt4	NewOpt4	ModelType	ModelName
1       6294    10       145     2       55      2       80      4       85      1       83      4       110     5       111     5       109     5       108     5       0           "Wing200"
2       6295    10       145     2       55      2       80      4       85      1       83      4       110     5       111     5       109     5       108     5       0           "Wing201"
3       6296    10       145     2       55      2       80      4       85      1       83      4       110     5       111     5       109     5       108     5       0           "Wing202"
4       6297    10       145     2       55      2       80      4       85      1       83      4       110     5       111     5       109     5       108     5       0           "Wing204"
5       6298    10       145     2       55      2       80      4       85      1       83      4       110     5       111     5       109     5       108     5       0           "Wing205"
6       6299    10       145     2       55      2       80      4       85      1       83      4       110     5       111     5       109     5       108     5       1           "cape_of_death"
7       6300    30       145     2       55      2       80      4       85      1       83      4       110     5       111     5       109     5       108     5       0           "Wing401"
8       6301    30       145     2       55      2       80      4       85      1       83      4       110     5       111     5       109     5       108     5       0           "Wing402"
9       6302    30       145     2       55      2       80      4       85      1       83      4       110     5       111     5       109     5       108     5       0           "Wing403"
10      6303    30       145     2       55      2       80      4       85      1       83      4       110     5       111     5       109     5       108     5       0           "Wing404"
11      6304    30       145     2       55      2       80      4       85      1       83      4       110     5       111     5       109     5       108     5       1           "Wing405"
12      6305    30       145     2       55      2       80      4       85      1       83      4       110     5       111     5       109     5       108     5       0           "Wing406"
13      6306    30       145     2       55      2       80      4       85      1       83      4       110     5       111     5       109     5       108     5       1           "Wing407"
14      6307    30       145     2       55      2       80      4       85      1       83      4       110     5       111     5       109     5       108     5       0           "WingsOfPower"
16      6308    30       145     2       55      2       80      4       85      1       83      4       110     5       111     5       109     5       108     5       1           "Wing408"
17      6309    10       145     2       55      2       80      4       85      1       83      4       110     5       111     5       109     5       108     5       1           "VSL_Cape_NightBlue"
18      6310    10       145     2       55      2       80      4       85      1       83      4       110     5       111     5       109     5       108     5       1           "VSL_Cape_Midnight"
19      6311    10       145     2       55      2       80      4       85      1       83      4       110     5       111     5       109     5       108     5       0           "MJS_wing_12"
20      6312    10       145     2       55      2       80      4       85      1       83      4       110     5       111     5       109     5       108     5       1           "Wingawa"
21      6313    10       145     2       55      2       80      4       85      1       83      4       110     5       111     5       109     5       108     5       1           "VSL_CapeSH_MuZago"
22      6314    10       145     2       55      2       80      4       85      1       83      4       110     5       111     5       109     5       108     5       1           "capeSteel"
23      6315    10       145     2       55      2       80      4       85      1       83      4       110     5       111     5       109     5       108     5       0           "Wing52"
24      6316    10       145     2       55      2       80      4       85      1       83      4       110     5       111     5       109     5       108     5       0           "Wing53"
25      6317    10       145     2       55      2       80      4       85      1       83      4       110     5       111     5       109     5       108     5       0           "Wing54"
26      6318    10       145     2       55      2       80      4       85      1       83      4       110     5       111     5       109     5       108     5       0           "Wing55"
27      6319    10       145     2       55      2       80      4       85      1       83      4       110     5       111     5       109     5       108     5       0           "GuncrahserWing3rd"
28      6320    10       145     2       55      2       80      4       85      1       83      4       110     5       111     5       109     5       108     5       0           "GuncrasherWing4th"
29      6321    10       145     2       55      2       80      4       85      1       83      4       110     5       111     5       109     5       108     5       1           "K_HagiosCloak"
end