0
//--------------------------------------------------------------------------------------------------------------------------------------------------------------------------------------------------------------------------------------//
//EffectIndex 0 = StaticEffect | EffectIndex 1 = DynamicEffect											     									                //
//--------------------------------------------------------------------------------------------------------------------------------------------------------------------------------------------------------------------------------------//
//      Type            Index           EffectIndex     EffectCode      EffectValue	X		Y		Z		ColorR		ColorG		ColorB		EffectSize      EffectType	EffectSide	//
//--------------------------------------------------------------------------------------------------------------------------------------------------------------------------------------------------------------------------------------//
//Awakening Knight Glove
	10		106		0		32231		37		0.0		-13.0		-13.0		0.3		0.3		0.3		0.7		-		0.0
	10		106		0		32373		37		0.0		-13.0		-13.0		1.0		0.7		0.5		0.06		-		0.0	
	10		106		0		32501		37		0.0		-13.0		-13.0		1.0		0.1		1.0		0.3		-		0.0		
	10		106		1		32049		37		0.0		-13.0		-13.0		0.5		0.0		0.0		0.25		10		0.0	
	
//Blue Eye Knight Pants	
	9		164		0		32380		2		0.0		-20.0		22.0		0.8		0.5		1.0		0.4		-		0.0		
	9		164		0		32501		2		-4.5		-8.5		22.0		0.06		0.3		1.0		0.125		-		0.0		
	9		164		0		32002		2		-4.5		-8.5		22.0		0.0		0.17		0.6		0.5		-		0.0	
	9		164		0		32501		2		-4.5		-8.5		22.0		0.06		0.3		1.0		0.125		-		0.0		
	9		164		0		32002		2		-4.5		-8.5		22.0		0.0		0.17		0.6		0.5		-		0.0			
	9		164		0		32376		2		-4.5		-8.5		22.0		0.5		0.5		0.5		0.15		-		115.0		
	9		164		0		32376		2		-4.5		-8.5		22.0		0.5		0.5		0.5		0.15		-		-115.0			
	9		164		0		32501		2		4.5		-8.5		22.0		0.06		0.3		1.0		0.125		-		0.0		
	9		164		0		32002		2		4.5		-8.5		22.0		0.0		0.17		0.6		0.5		-		0.0	
	9		164		0		32501		2		4.5		-8.5		22.0		0.06		0.3		1.0		0.125		-		0.0		
	9		164		0		32002		2		4.5		-8.5		22.0		0.0		0.17		0.6		0.5		-		0.0			
	9		164		0		32376		2		4.5		-8.5		22.0		0.5		0.5		0.5		0.15		-		115.0		
	9		164		0		32376		2		4.5		-8.5		22.0		0.5		0.5		0.5		0.15		-		-115.0		

//Silver Heart Knight Armor	
	8		189		0		32380		35		0.0		5.0		-20.0		0.78		0.33		1.0		0.5		-		0.0		
	8		189		0		32101		35		0.0		5.0		-20.0		0.78		0.33		1.0		0.25		-		0.0		
	8		189		0		32101		35		0.0		5.0		-20.0		0.78		0.33		1.0		0.25		-		0.0			
	8		189		1		32113		35		0.0		5.0		-20.0		0.39		0.16		0.5		-0.005		3		0.0				
	8		189		0		32380		35		0.0		2.0		19.0		0.78		0.33		1.0		0.5		-		0.0	
	8		189		0		32002		35		0.0		2.0		19.0		1.0		1.0		1.0		0.25		-		0.0		
	8		189		0		32002		35		0.0		2.0		19.0		1.0		1.0		1.0		0.15		-		0.0			
end