0
//--------------------------------------------------------------------------------------------------------------------------------------------------------------------------------------//
//EffectIndex 0 = StaticEffect | EffectIndex 1 = DynamicEffect			                                                                                                        //
//--------------------------------------------------------------------------------------------------------------------------------------------------------------------------------------//
//      Type       Index      EffectIndex     EffectCode     EffectValue   EffectLevel	  ColorR   ColorG   ColorB    EffectSize/Type        EffectMain/Size	 EffectSide	        //
//--------------------------------------------------------------------------------------------------------------------------------------------------------------------------------------//
//Ghost Horse
//Static
//        13         147        0                32380         17            0              0.08     0.08     1.00       0.75                   0.0                 0.0
//        13         147        0                32380         18            0              0.08     0.08     1.00       0.75                   0.0                 0.0
//        13         147        0                32380         23            0              0.08     0.08     1.00       0.75                   0.0                 0.0
//        13         147        0                32380         28            0              0.08     0.08     1.00       0.75                   0.0                 0.0
//        13         147        0                32380         29            0              0.08     0.08     1.00       0.75                   0.0                 0.0
//        13         147        0                32380         33            0              0.08     0.08     1.00       0.75                   0.0                 0.0
//        13         147        0                32380         34            0              0.08     0.08     1.00       0.75                   0.0                 0.0
//        13         147        0                32380         63            0              0.08     0.08     1.00       0.75                   0.0                 0.0
//        13         147        0                32380         96            0              0.08     0.08     1.00       0.50                   0.0                 0.0
//        13         147        0                32380         97            0              0.08     0.08     1.00       0.40                   0.0                 0.0
//        13         147        0                32380         98            0              0.08     0.08     1.00       0.75                   0.0                 0.0
//        13         147        0                32380         99            0              0.08     0.08     1.00       0.75                   0.0                 0.0
//        13         147        0                32380         103           0              0.08     0.08     1.00       0.75                   0.0                 0.0
//        13         147        0                32380         31            0              0.08     0.08     1.00       1.0                    0.0                 0.0
//        13         147        0                32380         64            0              0.08     0.08     1.00       1.0                    0.0                 0.0
//        13         147        0                32380         65            0              0.08     0.08     1.00       1.0                    0.0                 0.0
//        13         147        0                32380         66            0              0.08     0.08     1.00       1.0                    0.0                 0.0
//        13         147        0                32380         90            0              0.08     0.08     1.00       1.0                    0.0                 0.0
//        13         147        0                32229         42            0              1.00     1.00     1.00       1.0                    0.0                 0.0
//        13         147        0                32229         52            0              1.00     1.00     1.00       1.0                    0.0                 0.0
//        13         147        0                32229         74            0              1.00     1.00     1.00       1.0                    0.0                 0.0
//        13         147        0                32229         85            0              1.00     1.00     1.00       1.0                    0.0                 0.0
//        13         147        0                32380         43            0              0.08     0.08     1.00       0.7                    0.0                 0.0
//        13         147        0                32380         44            0              0.08     0.08     1.00       0.7                    0.0                 0.0
//        13         147        0                32380         45            0              0.08     0.08     1.00       1.00                   0.0                 0.0
//        13         147        0                32380         53            0              0.08     0.08     1.00       0.7                    0.0                 0.0
//        13         147        0                32380         54            0              0.08     0.08     1.00       0.7                    0.0                 0.0
//        13         147        0                32380         58            0              0.08     0.08     1.00       1.00                   0.0                 0.0
//        13         147        0                32380         75            0              0.08     0.08     1.00       0.7                    0.0                 0.0
//        13         147        0                32380         76            0              0.08     0.08     1.00       0.7                    0.0                 0.0
//        13         147        0                32380         77            0              0.08     0.08     1.00       1.00                   0.0                 0.0
//        13         147        0                32380         86            0              0.08     0.08     1.00       0.7                    0.0                 0.0
//        13         147        0                32380         87            0              0.08     0.08     1.00       0.7                    0.0                 0.0
//        13         147        0                32380         88            0              0.08     0.08     1.00       1.00                   0.0                 0.0
//        13         147        0                32380         78            0              0.08     0.08     1.00       1.00                   0.0                 0.0
//        13         147        0                32380         89            0              0.08     0.08     1.00       1.00                   0.0                 0.0
//Dynamic
//        13         147        1                32394         42            0              0.35     0.68     1.00       0.0                    0.75                0.0
//        13         147        1                32394         52            0              0.35     0.68     1.00       0.0                    0.75                0.0
//        13         147        1                32394         74            0              0.35     0.68     1.00       0.0                    0.75                0.0
//        13         147        1                32394         85            0              0.35     0.68     1.00       0.0                    0.75                0.0